Pickle found: Returning.
          Amt Out BBG Composite      CUSIP   Cpn  Current WAL    Day Count  Delinquency Rate 60+ Days  Delinquency Rate 90+ Days Issue Date  ... Next Call Date Next Coupon Date  Original Maximum Loan Size  Price at Issue    Security Name Ticker  Category  Original WAL isCallable
0    1.400000e+09           AAA  34532JAA2  1.06       4.9583  30/360(104)                       0.00                   0.030000 2020-10-09  ...     2025-10-15       2020-11-15                7.388720e+08          99.968   FORDR 2020-2 A  FORDR      AUTO           6.5        1.0
1    1.500000e+09           AAA  34531NAA4  2.04       4.2917  30/360(104)                       0.00                   0.020000 2020-02-14  ...     2025-02-15       2020-11-15                1.837350e+09          99.966   FORDR 2020-1 A  FORDR      AUTO           6.0        1.0
2    1.257869e+07           AAA  31679RAD7  1.80       0.0425  30/360(104)                       0.00                   0.212000 2017-09-20  ...     2021-03-15       2020-11-15                1.058536e+09         100.000  FITAT 2017-1 A3  FITAT      AUTO           2.5        1.0
3    4.861000e+08           AAA  14315PAD7  2.18       1.3667  30/360(104)                       0.00                   0.153900 2019-07-30  ...     2023-05-15       2020-11-15                1.503760e+09          99.987  CARMX 2019-3 A3  CARMX      AUTO           3.0        1.0
4    4.114194e+08           AAA  58770FAB8  1.82       0.3356  30/360(104)                       0.00                   0.030000 2020-01-29  ...     2022-07-15       2020-11-15                1.770803e+09          99.996  MBALT 2020-A A2  MBALT      AUTO           1.5        1.0
..            ...           ...        ...   ...          ...          ...                        ...                        ...        ...  ...            ...              ...                         ...             ...              ...    ...       ...           ...        ...
858  2.346800e+07            NR  57109XAC1  4.42       1.2917  30/360(104)                       2.05                   0.841344 2019-02-12  ...     2022-02-15       2020-11-15                5.000000e+04          99.987    MFT 2019-1A C    MFT  CONSUMER           5.5        1.0
859  1.783700e+07            NR  57109JAC2  2.80       1.8408  30/360(104)                       1.00                   0.471444 2020-01-29  ...     2024-02-15       2020-11-15                5.000000e+04          99.977    MFT 2020-1A C    MFT  CONSUMER           5.5        1.0
860  2.780200e+07            NR  57109HAB8  3.53       1.1722  30/360(104)                       1.80                   0.864505 2019-05-01  ...     2022-04-15       2020-11-15                5.000000e+04          99.980    MFT 2019-2A B    MFT  CONSUMER           5.5        1.0
861  4.837500e+07            NR  57109EAC3  4.37       0.4377  30/360(104)                       3.41                   1.522007 2018-05-15  ...     2021-05-15       2020-11-15                5.000000e+04          99.985    MFT 2018-2A C    MFT  CONSUMER           5.5        1.0
862  2.214700e+07            NR  57109XAB3  3.94       0.9901  30/360(104)                       2.05                   0.841344 2019-02-12  ...     2022-02-15       2020-11-15                5.000000e+04          99.982    MFT 2019-1A B    MFT  CONSUMER           5.5        1.0

[863 rows x 22 columns]
Results for CARMX 2018-1 A4
                                 GLS Regression Results                                
=======================================================================================
Dep. Variable:                  Price   R-squared (uncentered):                   0.829
Model:                            GLS   Adj. R-squared (uncentered):              0.712
Method:                 Least Squares   F-statistic:                              7.076
Date:                Fri, 27 Nov 2020   Prob (F-statistic):                    8.33e-05
Time:                        09:44:51   Log-Likelihood:                          179.65
No. Observations:                  32   AIC:                                     -333.3
Df Residuals:                      19   BIC:                                     -314.3
Df Model:                          13                                                  
Covariance Type:            nonrobust                                                  
==============================================================================
                 coef    std err          t      P>|t|      [0.025      0.975]
------------------------------------------------------------------------------
WAC           -0.0247      0.016     -1.564      0.134      -0.058       0.008
WAM            0.0027      0.001      2.775      0.012       0.001       0.005
WALA           0.0029      0.002      1.331      0.199      -0.002       0.008
Balance       1.9e-12   4.49e-11      0.042      0.967    -9.2e-11    9.58e-11
Principal   -8.48e-11   1.64e-10     -0.519      0.610   -4.27e-10    2.57e-10
DGS1           0.0020      0.011      0.178      0.861      -0.022       0.026
DGS2          -0.0182      0.055     -0.333      0.742      -0.133       0.096
DGS3           0.0095      0.069      0.137      0.892      -0.135       0.154
DGS5           0.0032      0.041      0.077      0.940      -0.083       0.089
DGS7          -0.0159      0.033     -0.483      0.635      -0.085       0.053
DGS10          0.0405      0.024      1.690      0.107      -0.010       0.091
DGS20         -0.0339      0.030     -1.139      0.269      -0.096       0.028
DGS30          0.0139      0.022      0.624      0.540      -0.033       0.060
==============================================================================
Omnibus:                        1.544   Durbin-Watson:                   2.084
Prob(Omnibus):                  0.462   Jarque-Bera (JB):                1.018
Skew:                          -0.437   Prob(JB):                        0.601
Kurtosis:                       2.987   Cond. No.                     4.15e+11
==============================================================================

Notes:
[1] R is computed without centering (uncentered) since the model does not contain a constant.
[2] Standard Errors assume that the covariance matrix of the errors is correctly specified.
[3] The condition number is large, 4.15e+11. This might indicate that there are
strong multicollinearity or other numerical problems.
                WAC           WAM          WALA       Balance     Principal          DGS1          DGS2          DGS3          DGS5          DGS7         DGS10         DGS20         DGS30
PC-1  -2.154225e-10  3.109460e-08 -3.466569e-08  9.997426e-01  2.268902e-02  2.627104e-09  2.937208e-09  3.082712e-09  3.168917e-09  3.094507e-09  2.977784e-09  2.490272e-09  2.319554e-09
PC-2   4.546374e-09 -3.214351e-08  1.946166e-08 -2.268902e-02  9.997426e-01  1.044764e-08  1.292988e-08  1.187549e-08  9.883130e-09  6.872645e-09  6.378597e-09  1.498890e-09 -1.219286e-09
PC-3   1.482456e-02 -5.235253e-01  5.240325e-01  3.999686e-08 -1.095861e-08 -3.258301e-01 -2.889316e-01 -2.616106e-01 -2.271133e-01 -2.064256e-01 -1.987413e-01 -1.739392e-01 -1.704691e-01
PC-4  -1.490144e-02  6.329125e-01 -2.657152e-01 -2.396506e-08  4.019420e-08 -2.084141e-01 -2.606962e-01 -2.697772e-01 -2.714340e-01 -2.674706e-01 -2.756961e-01 -2.638326e-01 -2.314812e-01
PC-5  -4.912371e-02 -5.370324e-01 -6.645481e-01 -4.689689e-09 -5.254719e-09  2.262211e-01  7.309468e-02  2.404061e-02 -4.074682e-02 -1.162390e-01 -1.996809e-01 -2.785702e-01 -2.789559e-01
PC-6   2.008065e-03 -7.806365e-03 -1.333229e-01 -4.724368e-09 -7.061432e-10 -7.290380e-01  5.153501e-02  2.939666e-01  3.357470e-01  3.074584e-01  1.099467e-01 -1.178444e-01 -3.582724e-01
PC-7   4.617877e-02  1.896194e-01  4.352460e-01  9.009563e-09 -1.396079e-08  3.683779e-01  3.600324e-01  2.781405e-01  1.059375e-01 -4.252759e-02 -1.603598e-01 -3.794321e-01 -4.970612e-01
PC-8  -4.779380e-01  2.801595e-02  5.891354e-02  6.608132e-10  1.896761e-09  2.774457e-01 -4.526551e-01 -2.997938e-01  3.225676e-01  4.922019e-01  2.382196e-02 -1.940443e-01 -1.050581e-01
PC-9  -6.013504e-01  8.466690e-03  4.565712e-02  1.197667e-09  2.515276e-09 -1.619472e-01  2.243356e-01  2.269462e-01  2.403032e-02 -3.395154e-02 -6.414765e-01  1.099753e-01  2.878310e-01
PC-10  2.723377e-02 -2.656339e-03  9.513258e-03  3.245605e-10 -5.467282e-10 -1.153191e-01  1.716385e-01 -4.305863e-02  3.862941e-02  4.264741e-03  1.724053e-01 -7.748136e-01  5.683119e-01
PC-11 -2.546639e-01 -6.874548e-03  3.845775e-04  2.021940e-10  8.920050e-10 -4.878445e-02  3.002258e-01 -5.808570e-02 -7.461643e-01  4.645513e-01  2.197921e-01 -1.625660e-02 -1.344158e-01
PC-12  5.811959e-01 -1.734638e-03 -1.439836e-02 -3.143583e-10 -1.230725e-09  4.709803e-02 -7.779331e-02 -5.896998e-03 -7.227686e-02  5.623862e-01 -5.568472e-01 -1.998213e-02  1.473636e-01
PC-13  3.971823e-02 -2.977517e-03 -9.680726e-03 -1.779365e-10 -3.648013e-10 -1.045178e-01  5.745118e-01 -7.401216e-01  2.846566e-01  2.185037e-02 -8.152978e-02  1.180372e-01 -8.640271e-02

Results for GMCAR 2020-2 A3
N_Features (13) > N_Samples (4)
               WAC           WAM          WALA       Balance     Principal          DGS1          DGS2          DGS3          DGS5          DGS7         DGS10         DGS20         DGS30
PC-1 -1.038955e-09 -3.723392e-08  3.723392e-08 -9.999899e-01  4.488756e-03 -5.993401e-10 -5.929653e-10 -7.868733e-10 -8.812345e-10 -1.032152e-09 -4.493893e-10 -4.751371e-10 -6.106185e-10
PC-2  2.891919e-10 -2.189033e-08  2.189033e-08 -4.488756e-03 -9.999899e-01 -9.532838e-09 -7.202974e-09 -1.176492e-08 -1.758495e-08 -1.551744e-08 -2.421036e-08 -5.345805e-08 -4.862121e-08
PC-3  3.276239e-04  2.244363e-02 -2.244363e-02  7.827506e-11  7.977555e-08 -5.593024e-02 -7.860719e-02 -1.121732e-01 -1.593499e-01 -2.429072e-01 -3.504965e-01 -6.111884e-01 -6.295291e-01
PC-4 -9.902889e-01 -1.389824e-01 -7.732915e-05  6.219190e-09  3.004654e-09 -1.927611e-04 -2.708304e-04 -3.865052e-04 -5.490715e-04 -8.370797e-04 -1.207660e-03 -2.105889e-03 -2.168838e-03

Results for CARMX 2019-2 B
                                 GLS Regression Results                                
=======================================================================================
Dep. Variable:                  Price   R-squared (uncentered):                   0.976
Model:                            GLS   Adj. R-squared (uncentered):              0.899
Method:                 Least Squares   F-statistic:                              12.65
Date:                Fri, 27 Nov 2020   Prob (F-statistic):                      0.0126
Time:                        09:44:51   Log-Likelihood:                          95.441
No. Observations:                  17   AIC:                                     -164.9
Df Residuals:                       4   BIC:                                     -154.1
Df Model:                          13                                                  
Covariance Type:            nonrobust                                                  
==============================================================================
                 coef    std err          t      P>|t|      [0.025      0.975]
------------------------------------------------------------------------------
WAC            0.0013      0.050      0.027      0.980      -0.138       0.141
WAM           -0.0002      0.003     -0.059      0.956      -0.008       0.008
WALA          -0.0011      0.010     -0.111      0.917      -0.028       0.025
Balance     4.062e-12   2.11e-10      0.019      0.986   -5.83e-10    5.91e-10
Principal  -9.056e-10   8.93e-10     -1.014      0.368   -3.39e-09    1.57e-09
DGS1          -0.0198      0.055     -0.360      0.737      -0.172       0.133
DGS2           0.1838      0.338      0.543      0.616      -0.756       1.124
DGS3          -0.2644      0.425     -0.623      0.567      -1.443       0.914
DGS5           0.1112      0.164      0.678      0.535      -0.344       0.566
DGS7           0.1148      0.072      1.589      0.187      -0.086       0.315
DGS10         -0.2128      0.075     -2.854      0.046      -0.420      -0.006
DGS20          0.0303      0.107      0.283      0.791      -0.267       0.328
DGS30          0.0626      0.109      0.577      0.595      -0.239       0.364
==============================================================================
Omnibus:                        2.693   Durbin-Watson:                   3.353
Prob(Omnibus):                  0.260   Jarque-Bera (JB):                1.437
Skew:                          -0.403   Prob(JB):                        0.488
Kurtosis:                       1.826   Cond. No.                     2.04e+12
==============================================================================

Notes:
[1] R is computed without centering (uncentered) since the model does not contain a constant.
[2] Standard Errors assume that the covariance matrix of the errors is correctly specified.
[3] The condition number is large, 2.04e+12. This might indicate that there are
strong multicollinearity or other numerical problems.
                WAC           WAM          WALA       Balance     Principal          DGS1          DGS2          DGS3          DGS5          DGS7         DGS10         DGS20         DGS30
PC-1  -2.431528e-10  2.391968e-08 -2.874200e-08  9.997472e-01  2.248280e-02  4.431671e-09  4.053192e-09  3.869073e-09  3.645096e-09  3.416689e-09  3.255040e-09  2.758626e-09  2.702843e-09
PC-2  -1.752376e-09  1.557545e-09  2.427137e-08  2.248280e-02 -9.997472e-01 -5.336626e-08 -3.903947e-08 -3.006954e-08 -1.875520e-08 -1.079828e-08 -5.141755e-09  1.325637e-09  5.470709e-09
PC-3   2.773044e-04  3.249328e-01 -1.820568e-01 -2.101129e-08 -5.874143e-08  3.455842e-01  3.750734e-01  3.711794e-01  3.525417e-01  3.305864e-01  3.105476e-01  2.740631e-01  2.413874e-01
PC-4   9.764100e-04 -8.107925e-01  4.352516e-01  2.837211e-08 -8.416448e-09  1.550980e-01  1.123928e-01  9.541163e-02  1.043954e-01  1.136387e-01  1.558567e-01  1.725586e-01  1.717552e-01
PC-5  -9.634299e-03 -4.699439e-01 -7.583424e-01 -9.931737e-09 -3.513919e-08  3.470952e-02  1.339123e-01  1.541279e-01  1.068356e-01  5.239109e-02 -8.228855e-02 -2.286380e-01 -2.964433e-01
PC-6  -2.734927e-02 -8.335153e-02 -2.321094e-01 -4.807916e-09  4.099375e-08 -7.393906e-01 -2.501072e-01 -6.999622e-02  1.123323e-01  2.663283e-01  2.622967e-01  3.299784e-01  2.510848e-01
PC-7  -2.294282e-02 -9.212186e-02 -3.794811e-01 -8.661196e-09 -1.791183e-09  4.378104e-01 -2.514881e-01 -3.515174e-01 -2.815568e-01 -1.989701e-01 -3.192861e-02  3.362608e-01  4.853230e-01
PC-8  -1.558137e-01  2.426664e-02  3.865596e-02  3.033007e-10  1.927621e-09  3.098734e-01 -4.859304e-01 -3.591489e-01  2.318906e-01  4.139305e-01  3.931620e-01 -2.646613e-01 -2.505345e-01
PC-9   2.090279e-01 -7.364914e-03 -3.726345e-02 -9.041209e-10  2.699133e-10 -7.547782e-02  2.719757e-01 -3.283051e-02 -5.503853e-01  1.614594e-01  4.527804e-01 -5.052222e-01  2.913183e-01
PC-10  5.301490e-01 -7.071726e-03 -3.427202e-02 -6.502537e-10  5.740679e-10 -4.997872e-03 -1.448191e-01  2.984727e-02  3.618554e-01 -6.073757e-01  4.377215e-01 -6.367504e-02 -1.816056e-02
PC-11 -3.128292e-02 -7.639301e-03  1.055598e-02  2.896171e-10  2.337632e-09 -5.253271e-02 -5.206177e-02 -6.237546e-02  4.712019e-01  3.232999e-02 -3.699842e-01 -5.175253e-01  6.014096e-01
PC-12  8.039292e-01  8.184303e-04  1.116873e-02  5.091674e-10 -1.266014e-09  6.286333e-02 -4.946568e-02 -1.383254e-01 -2.183604e-02  4.403809e-01 -3.348714e-01  1.250764e-01 -7.645143e-02
PC-13 -4.819326e-02  9.645184e-04 -1.240568e-02 -3.200535e-10 -1.038661e-09 -9.208753e-02  6.055795e-01 -7.395417e-01  2.266377e-01 -5.692809e-02  4.964612e-02  8.974618e-02 -1.013387e-01

Results for FCAT 2019-1 D
                                 GLS Regression Results                                
=======================================================================================
Dep. Variable:                  Price   R-squared (uncentered):                   0.912
Model:                            GLS   Adj. R-squared (uncentered):              0.682
Method:                 Least Squares   F-statistic:                              3.975
Date:                Fri, 27 Nov 2020   Prob (F-statistic):                      0.0685
Time:                        09:44:51   Log-Likelihood:                          92.065
No. Observations:                  18   AIC:                                     -158.1
Df Residuals:                       5   BIC:                                     -146.6
Df Model:                          13                                                  
Covariance Type:            nonrobust                                                  
==============================================================================
                 coef    std err          t      P>|t|      [0.025      0.975]
------------------------------------------------------------------------------
WAC           -0.0033      0.024     -0.138      0.896      -0.065       0.058
WAM           -0.0010      0.003     -0.302      0.775      -0.010       0.008
WALA           0.0021      0.008      0.270      0.798      -0.018       0.022
Balance     5.552e-10   1.31e-09      0.423      0.690   -2.82e-09    3.93e-09
Principal  -1.707e-09   1.55e-09     -1.103      0.320   -5.68e-09    2.27e-09
DGS1          -0.0308      0.058     -0.534      0.616      -0.179       0.118
DGS2           0.2290      0.286      0.801      0.460      -0.506       0.964
DGS3          -0.3289      0.370     -0.890      0.414      -1.279       0.621
DGS5           0.2126      0.224      0.950      0.386      -0.363       0.788
DGS7          -0.0143      0.140     -0.102      0.923      -0.374       0.346
DGS10         -0.0869      0.105     -0.825      0.447      -0.358       0.184
DGS20         -0.0056      0.110     -0.050      0.962      -0.289       0.278
DGS30          0.0201      0.096      0.210      0.842      -0.225       0.266
==============================================================================
Omnibus:                        1.212   Durbin-Watson:                   2.878
Prob(Omnibus):                  0.545   Jarque-Bera (JB):                1.076
Skew:                           0.479   Prob(JB):                        0.584
Kurtosis:                       2.280   Cond. No.                     2.18e+11
==============================================================================

Notes:
[1] R is computed without centering (uncentered) since the model does not contain a constant.
[2] Standard Errors assume that the covariance matrix of the errors is correctly specified.
[3] The condition number is large, 2.18e+11. This might indicate that there are
strong multicollinearity or other numerical problems.
                WAC           WAM          WALA       Balance     Principal          DGS1          DGS2          DGS3          DGS5          DGS7         DGS10         DGS20         DGS30
PC-1  -1.295223e-09 -1.458627e-07  1.752393e-07 -9.999795e-01  6.408677e-03 -2.687467e-08 -2.480568e-08 -2.374439e-08 -2.247272e-08 -2.115260e-08 -2.025701e-08 -1.726106e-08 -1.692199e-08
PC-2  -1.967196e-08  2.467700e-07  1.754717e-08 -6.408677e-03 -9.999795e-01 -5.934144e-08 -6.352016e-08 -5.858809e-08 -3.652934e-08 -1.722950e-08  1.086805e-08  3.043283e-08  4.167943e-08
PC-3   7.912352e-03  1.614042e-01 -7.302499e-02 -9.736854e-08 -2.382960e-08  3.639534e-01  3.851427e-01  3.785460e-01  3.651537e-01  3.486520e-01  3.404044e-01  3.101975e-01  2.783276e-01
PC-4  -1.948589e-02 -9.671995e-01  1.696423e-01  1.582853e-07 -2.523425e-07  1.189166e-01  9.185307e-02  7.167273e-02  4.918227e-02  2.419454e-02  3.868926e-02  3.826342e-02  4.106853e-02
PC-5   4.036643e-02 -1.876397e-01 -9.248945e-01 -1.318916e-07 -6.425116e-08 -2.466923e-01 -7.750098e-03  7.492263e-02  1.052251e-01  1.086025e-01  1.221559e-02 -6.872770e-02 -1.160256e-01
PC-6   5.988581e-02  4.810617e-02 -5.847287e-02 -2.122380e-08 -9.070483e-08  5.548353e-01  3.045046e-01  1.933573e-01  2.490892e-02 -1.175987e-01 -2.604007e-01 -4.611401e-01 -5.077593e-01
PC-7  -1.509059e-01 -1.677864e-02 -3.248222e-01 -5.506110e-08  2.237752e-08  6.080000e-01 -1.332307e-01 -3.153416e-01 -3.101520e-01 -2.914016e-01 -7.746425e-02  1.903233e-01  4.015581e-01
PC-8   1.161447e-01 -1.734490e-02  2.281256e-02  5.567130e-09  4.892377e-09  2.991014e-01 -5.267387e-01 -3.760286e-01  2.710228e-01  3.412483e-01  4.396668e-01 -2.170991e-01 -2.168724e-01
PC-9  -9.557993e-01  1.461543e-02  8.569572e-03  3.040911e-10  1.331835e-08 -4.402909e-02  7.244362e-02 -8.017804e-02  2.280400e-02  2.183459e-01  1.123859e-02 -1.314130e-01 -8.339621e-02
PC-10 -7.673848e-02 -5.763679e-04  9.239730e-03  2.233686e-09 -2.898899e-09  1.037196e-01 -2.872564e-01  8.556035e-03  4.071861e-01  2.444385e-03 -5.073879e-01  6.042989e-01 -3.350405e-01
PC-11 -4.186224e-02  6.504411e-03  2.283525e-02  2.296893e-09 -2.364808e-09 -1.089383e-02 -2.658816e-01  1.832269e-01  5.243255e-01 -1.428711e-01 -3.209928e-01 -4.597893e-01  5.324736e-01
PC-12 -1.522872e-01  1.052811e-02 -1.811384e-02 -3.914596e-09  6.164878e-09 -6.290054e-02  3.706880e-02  2.270336e-02  3.427614e-01 -7.628109e-01  4.806515e-01  8.387697e-02 -1.819244e-01
PC-13 -1.170252e-01  1.256761e-03 -1.281250e-03 -2.982827e-10  1.799459e-09  9.380994e-02 -5.435159e-01  7.260430e-01 -3.523923e-01 -2.989247e-02  1.540508e-01  2.639455e-02 -7.383418e-02

Results for FORDO 2019-C A2B
N_Features (13) > N_Samples (10)
                WAC           WAM          WALA       Balance     Principal          DGS1          DGS2          DGS3          DGS5          DGS7         DGS10         DGS20         DGS30
PC-1   4.452684e-10  1.915514e-08 -2.532616e-08  9.992745e-01  3.808476e-02  4.606799e-09  4.655021e-09  4.593242e-09  4.354046e-09  4.066204e-09  3.650318e-09  2.937614e-09  2.683144e-09
PC-2  -1.497140e-09  2.436746e-08 -2.212246e-08  3.808476e-02 -9.992745e-01 -7.821391e-08 -7.498671e-08 -6.983808e-08 -6.379912e-08 -5.864176e-08 -5.827111e-08 -5.024619e-08 -4.362060e-08
PC-3  -9.242821e-03  2.911928e-01 -1.817884e-01 -6.444137e-09  1.769446e-07 -3.918400e-01 -3.435688e-01 -3.212329e-01 -3.110077e-01 -2.977998e-01 -3.213659e-01 -3.338058e-01 -3.274029e-01
PC-4  -3.867682e-03  9.319388e-01 -1.192001e-01 -2.322344e-08 -3.309332e-08  2.335037e-01  1.548925e-01  1.198323e-01  8.379492e-02  7.466407e-02  6.410387e-02  6.417783e-02  5.972113e-02
PC-5   2.926584e-02  2.123688e-01  7.557208e-01  1.612064e-08  1.648138e-08 -4.306684e-01 -1.908068e-01 -1.224283e-01 -5.613359e-02  5.534138e-02  9.121507e-02  2.666057e-01  2.458567e-01
PC-6   3.563662e-02  6.387470e-03  6.153009e-01  1.612281e-08 -8.585558e-09  4.656169e-01  1.416420e-01  5.999279e-02  3.163981e-02 -1.441459e-01 -1.989589e-01 -4.133839e-01 -3.839054e-01
PC-7   2.373578e-02  2.705773e-02  7.956642e-03 -1.301264e-09 -1.712327e-08 -5.808722e-01  3.501885e-01  4.070220e-01  1.840534e-01  3.463011e-01  1.092779e-01 -3.151655e-01 -3.284185e-01
PC-8   1.319608e-02 -2.967689e-03  7.783669e-03  3.340652e-10  3.920810e-09  7.118627e-02  9.664908e-02 -1.809330e-01 -4.006564e-01  3.327910e-01  1.659493e-01 -6.147021e-01  5.252980e-01
PC-9  -1.730474e-01 -4.639995e-03  1.001880e-02  3.835645e-10 -1.944427e-09  1.420050e-01  1.905373e-02 -4.516460e-01 -2.254064e-01  6.211372e-01  1.193555e-01  2.546629e-01 -4.792721e-01
PC-10 -9.834066e-01  1.615624e-03  4.546957e-02  1.514068e-09  1.644600e-10 -3.115766e-02  7.833212e-03  8.765821e-02  4.158083e-02 -9.750276e-02 -1.722521e-02 -6.522598e-02  7.961348e-02

Results for NAROT 2018-A A4
                                 GLS Regression Results                                
=======================================================================================
Dep. Variable:                  Price   R-squared (uncentered):                   0.893
Model:                            GLS   Adj. R-squared (uncentered):              0.815
Method:                 Least Squares   F-statistic:                              11.53
Date:                Fri, 27 Nov 2020   Prob (F-statistic):                    3.43e-06
Time:                        09:44:51   Log-Likelihood:                          183.46
No. Observations:                  31   AIC:                                     -340.9
Df Residuals:                      18   BIC:                                     -322.3
Df Model:                          13                                                  
Covariance Type:            nonrobust                                                  
==============================================================================
                 coef    std err          t      P>|t|      [0.025      0.975]
------------------------------------------------------------------------------
WAC            0.0843      0.031      2.676      0.015       0.018       0.150
WAM           -0.0018      0.001     -2.957      0.008      -0.003      -0.001
WALA          -0.0030      0.001     -2.532      0.021      -0.006      -0.001
Balance    -6.603e-11   3.81e-11     -1.734      0.100   -1.46e-10     1.4e-11
Principal  -2.553e-11   1.59e-10     -0.160      0.874    -3.6e-10    3.09e-10
DGS1          -0.0012      0.010     -0.122      0.904      -0.022       0.019
DGS2          -0.0060      0.044     -0.136      0.893      -0.098       0.086
DGS3          -0.0040      0.053     -0.076      0.940      -0.116       0.108
DGS5           0.0193      0.034      0.573      0.574      -0.051       0.090
DGS7          -0.0244      0.028     -0.886      0.388      -0.082       0.034
DGS10          0.0225      0.020      1.143      0.268      -0.019       0.064
DGS20         -0.0311      0.023     -1.344      0.196      -0.080       0.017
DGS30          0.0250      0.017      1.496      0.152      -0.010       0.060
==============================================================================
Omnibus:                        2.337   Durbin-Watson:                   2.337
Prob(Omnibus):                  0.311   Jarque-Bera (JB):                1.571
Skew:                          -0.550   Prob(JB):                        0.456
Kurtosis:                       3.069   Cond. No.                     4.00e+11
==============================================================================

Notes:
[1] R is computed without centering (uncentered) since the model does not contain a constant.
[2] Standard Errors assume that the covariance matrix of the errors is correctly specified.
[3] The condition number is large,  4e+11. This might indicate that there are
strong multicollinearity or other numerical problems.
                WAC           WAM          WALA       Balance     Principal          DGS1          DGS2          DGS3          DGS5          DGS7         DGS10         DGS20         DGS30
PC-1   1.803716e-10  3.458787e-08 -3.812231e-08  9.998441e-01  1.765604e-02  3.195091e-09  3.517947e-09  3.648584e-09  3.700045e-09  3.589079e-09  3.450133e-09  2.878397e-09  2.681443e-09
PC-2  -1.182359e-09  1.586821e-07 -1.847798e-07 -1.765604e-02  9.998441e-01  1.392315e-07  1.080047e-07  9.266918e-08  7.552971e-08  6.203157e-08  5.488876e-08  4.291700e-08  4.283487e-08
PC-3   2.615385e-03 -2.513158e-01  4.522089e-01  2.822240e-08  3.223219e-07 -4.045683e-01 -3.611457e-01 -3.286500e-01 -2.880586e-01 -2.664303e-01 -2.599374e-01 -2.354931e-01 -2.307397e-01
PC-4  -3.935428e-03  7.356032e-01 -4.638543e-01 -3.672256e-08 -1.043929e-07 -1.041761e-01 -1.529950e-01 -1.632728e-01 -1.757770e-01 -1.816924e-01 -2.024642e-01 -2.085143e-01 -1.855098e-01
PC-5   7.531936e-03  6.213219e-01  6.780362e-01  2.126646e-09  2.039328e-09 -1.629060e-01  1.329704e-03  6.223523e-02  1.092042e-01  1.380377e-01  1.808477e-01  1.944836e-01  1.491515e-01
PC-6  -4.628372e-03 -7.491072e-02 -2.202058e-01 -6.556184e-09  1.454669e-08 -7.544097e-01 -9.471774e-03  2.470128e-01  3.339113e-01  3.312154e-01  1.367249e-01 -4.520724e-02 -2.714767e-01
PC-7  -1.035396e-02  6.249131e-02  2.652388e-01  8.024809e-09 -2.586168e-08  2.878754e-01  3.629279e-01  3.212829e-01  1.460332e-01 -1.721684e-02 -1.682011e-01 -4.368268e-01 -6.058821e-01
PC-8   2.745992e-02  5.785223e-03  1.123798e-02 -8.400376e-11 -2.614604e-09  3.482189e-01 -5.356108e-01 -3.787852e-01  3.353060e-01  4.518283e-01  2.224283e-01 -2.089449e-01 -1.943231e-01
PC-9   1.175959e-01 -1.009409e-02 -3.012687e-02 -8.079683e-10  2.182544e-09 -2.540840e-02  1.591759e-01 -9.205822e-02 -4.783925e-01 -6.889510e-02  8.043582e-01 -1.038327e-01 -2.435674e-01
PC-10  2.227895e-01 -3.557769e-03 -2.246457e-02 -6.183925e-10 -3.677891e-10  1.044239e-01 -1.299940e-01 -3.015265e-03 -1.526107e-02 -8.388520e-02 -9.482282e-02  7.629652e-01 -5.689101e-01
PC-11  1.893402e-01  4.606695e-03  1.450634e-02  3.506921e-10  6.851197e-10 -1.933813e-02  2.471729e-01 -1.372906e-01 -5.021559e-01  7.247200e-01 -3.252254e-01  2.097694e-02  3.195501e-03
PC-12 -9.022681e-01 -4.865745e-04  2.314723e-03  2.697543e-10  5.631345e-10  6.014410e-02 -1.577016e-01  1.709384e-01 -2.566211e-01  1.523282e-01  2.280695e-02  1.431855e-01 -1.346076e-01
PC-13 -2.926379e-01  1.085629e-03 -4.076460e-03 -9.998001e-11  5.188673e-11 -1.006465e-01  5.470646e-01 -7.051165e-01  2.860757e-01 -5.092428e-02  1.085130e-05  1.135001e-01 -1.021361e-01

Results for PART 2016-2A D
                                 GLS Regression Results                                
=======================================================================================
Dep. Variable:                  Price   R-squared (uncentered):                   0.846
Model:                            GLS   Adj. R-squared (uncentered):              0.702
Method:                 Least Squares   F-statistic:                              5.901
Date:                Fri, 27 Nov 2020   Prob (F-statistic):                     0.00111
Time:                        09:44:51   Log-Likelihood:                          159.30
No. Observations:                  27   AIC:                                     -292.6
Df Residuals:                      14   BIC:                                     -275.7
Df Model:                          13                                                  
Covariance Type:            nonrobust                                                  
==============================================================================
                 coef    std err          t      P>|t|      [0.025      0.975]
------------------------------------------------------------------------------
WAC           -0.0114      0.003     -3.535      0.003      -0.018      -0.004
WAM            0.0006      0.001      0.894      0.386      -0.001       0.002
WALA           0.0032      0.001      3.752      0.002       0.001       0.005
Balance     4.256e-10   1.15e-10      3.687      0.002    1.78e-10    6.73e-10
Principal   3.678e-10   1.79e-10      2.052      0.059   -1.67e-11    7.52e-10
DGS1           0.0153      0.012      1.240      0.235      -0.011       0.042
DGS2          -0.0753      0.055     -1.376      0.191      -0.193       0.042
DGS3           0.0770      0.069      1.123      0.280      -0.070       0.224
DGS5          -0.0074      0.042     -0.176      0.863      -0.098       0.083
DGS7           0.0260      0.032      0.809      0.432      -0.043       0.095
DGS10         -0.0389      0.027     -1.452      0.168      -0.096       0.019
DGS20         -0.0313      0.025     -1.230      0.239      -0.086       0.023
DGS30          0.0390      0.021      1.849      0.086      -0.006       0.084
==============================================================================
Omnibus:                        1.639   Durbin-Watson:                   1.838
Prob(Omnibus):                  0.441   Jarque-Bera (JB):                0.747
Skew:                           0.386   Prob(JB):                        0.688
Kurtosis:                       3.263   Cond. No.                     6.75e+10
==============================================================================

Notes:
[1] R is computed without centering (uncentered) since the model does not contain a constant.
[2] Standard Errors assume that the covariance matrix of the errors is correctly specified.
[3] The condition number is large, 6.75e+10. This might indicate that there are
strong multicollinearity or other numerical problems.
                WAC           WAM          WALA       Balance     Principal          DGS1          DGS2          DGS3          DGS5          DGS7         DGS10         DGS20         DGS30
PC-1  -5.791785e-12  1.670323e-07 -1.822038e-07  9.996410e-01  2.679479e-02  2.025861e-08  2.129515e-08  2.144697e-08  2.103213e-08  2.017827e-08  1.946105e-08  1.641232e-08  1.537063e-08
PC-2   1.751485e-09 -1.319292e-07  5.790389e-08  2.679479e-02 -9.996410e-01 -6.603538e-08 -5.820596e-08 -5.330743e-08 -4.779688e-08 -4.231322e-08 -3.544827e-08 -2.662953e-08 -2.417205e-08
PC-3   1.089563e-02 -5.736193e-01  6.150011e-01  2.323089e-07  1.881219e-07 -2.765965e-01 -2.271170e-01 -2.030672e-01 -1.795614e-01 -1.644532e-01 -1.551302e-01 -1.391091e-01 -1.434852e-01
PC-4  -1.260689e-02  4.499685e-01 -2.970541e-01 -8.376663e-08  2.600460e-08 -2.785770e-01 -3.037934e-01 -2.998691e-01 -2.956175e-01 -2.917396e-01 -3.113166e-01 -3.112383e-01 -2.881357e-01
PC-5  -1.351446e-02  6.830648e-01  7.107858e-01  1.101021e-08 -5.928488e-08 -5.373732e-02  2.735554e-03  2.931795e-02  6.710443e-02  8.466339e-02  8.374757e-02  6.343050e-02  3.950451e-02
PC-6  -2.231390e-02  5.804386e-03  1.656947e-01  2.955549e-08 -1.670764e-08  8.161373e-01  2.150126e-01 -1.374321e-02 -1.720808e-01 -2.733534e-01 -2.497265e-01 -2.609598e-01 -1.572166e-01
PC-7  -3.587663e-02  2.778727e-02 -1.772133e-02 -4.166875e-09  1.606506e-08  2.015001e-01 -2.806207e-01 -4.080127e-01 -3.385912e-01 -1.991482e-01  8.100571e-02  3.848967e-01  6.346579e-01
PC-8   2.369566e-02 -2.291295e-02 -1.976014e-02 -8.103095e-10 -1.163977e-10  3.296671e-01 -5.317940e-01 -3.805223e-01  2.867243e-01  3.517302e-01  3.949416e-01 -1.810412e-01 -2.599247e-01
PC-9   8.837131e-01  2.183375e-02  8.598507e-04 -2.854823e-09 -4.203946e-10  7.152747e-02 -1.020220e-01  1.960665e-02  4.315916e-02 -2.348810e-02 -1.963625e-01  3.582026e-01 -1.827098e-01
PC-10  2.506839e-01  5.897729e-03 -6.668552e-03 -2.085032e-09  6.605043e-10 -7.518772e-02  3.174721e-01 -5.588981e-02 -5.737636e-01 -8.411772e-03  6.701998e-01 -1.550345e-01 -1.582218e-01
PC-11 -3.424937e-01 -1.480053e-03 -9.929562e-03 -9.732134e-10  1.177833e-09  4.386208e-02 -6.064577e-02  4.895983e-02  3.091754e-02 -3.893259e-01  2.044414e-01  6.241756e-01 -5.391441e-01
PC-12  1.868096e-01  8.187971e-03  1.669614e-03 -1.195699e-09  2.587687e-10 -4.840450e-02 -1.269576e-01  1.681479e-01  4.278728e-01 -6.951003e-01  3.409187e-01 -2.938594e-01  2.224385e-01
PC-13  3.467240e-02  3.902426e-04 -3.201382e-03 -4.253922e-10 -1.374516e-10 -1.122610e-01  5.633325e-01 -7.227333e-01  3.664696e-01 -8.495519e-02 -3.675656e-02  4.940759e-02 -3.447399e-02

Results for GMCAR 2019-4 A4
N_Features (13) > N_Samples (10)
                WAC           WAM          WALA       Balance     Principal          DGS1          DGS2          DGS3          DGS5          DGS7         DGS10         DGS20         DGS30
PC-1   5.979417e-10  2.848911e-08 -3.323519e-08  9.994558e-01  3.298677e-02  6.049563e-09  6.115327e-09  6.034168e-09  5.719200e-09  5.340433e-09  4.793734e-09  3.855059e-09  3.519240e-09
PC-2   1.149147e-09 -3.212185e-08  7.381161e-09 -3.298677e-02  9.994558e-01  1.386419e-07  1.174102e-07  1.062900e-07  9.537175e-08  8.358817e-08  8.398887e-08  7.064810e-08  6.411495e-08
PC-3  -4.618554e-03 -1.961378e-01 -2.223816e-01  3.840955e-09  2.547126e-07 -3.713882e-01 -3.577563e-01 -3.384823e-01 -3.246576e-01 -3.169897e-01 -3.325161e-01 -3.379754e-01 -3.176266e-01
PC-4  -3.813626e-03  9.238433e-01 -3.286587e-01 -3.751032e-08  5.459248e-08  8.880700e-02 -1.090217e-02 -4.398290e-02 -7.365291e-02 -7.399473e-02 -9.239087e-02 -6.606926e-02 -6.885650e-02
PC-5   5.347417e-04  4.464493e-02  3.859973e-01  1.156602e-08 -1.927922e-08  2.356405e-01  2.900273e-01  2.366740e-01  1.257313e-01  2.057235e-03 -1.408410e-01 -4.880369e-01 -6.160576e-01
PC-6  -8.690322e-03 -3.161139e-01 -6.810115e-01 -1.435476e-08 -9.397651e-08  6.006025e-01  1.702064e-01  4.776287e-02 -9.695034e-03 -3.937712e-02 -5.798342e-02 -1.933776e-01  4.293552e-02
PC-7   4.794787e-02 -4.460923e-02 -4.313097e-01 -1.485519e-08 -1.976209e-08 -6.064406e-01  3.256810e-01  3.237925e-01  3.642003e-02  4.022535e-01  1.628070e-01 -9.916483e-02 -1.775642e-01
PC-8   1.584177e-01  3.288472e-02 -1.484747e-02 -1.845454e-09  4.418426e-09  1.040815e-01 -3.589409e-01 -4.088458e-01  2.151112e-01  3.608805e-01  5.830189e-01 -3.792558e-01 -8.075825e-02
PC-9   5.382937e-01  1.528502e-02  1.548835e-01  5.131796e-09  9.115953e-09  9.397089e-02  2.536731e-01 -4.497140e-02 -7.455787e-01  1.292437e-01  1.204133e-01 -8.749466e-02  1.267601e-01
PC-10 -8.262427e-01  1.339535e-02  8.227142e-02  3.097750e-09  6.249066e-09  4.290326e-02  1.154998e-01 -8.865773e-02 -4.413768e-01  1.800890e-01  2.039634e-01 -1.256494e-01  5.195677e-02

Results for TCFAT 2016-1A C
                                 GLS Regression Results                                
=======================================================================================
Dep. Variable:                  Price   R-squared (uncentered):                   0.671
Model:                            GLS   Adj. R-squared (uncentered):              0.549
Method:                 Least Squares   F-statistic:                              5.494
Date:                Fri, 27 Nov 2020   Prob (F-statistic):                    2.75e-05
Time:                        09:44:51   Log-Likelihood:                          277.07
No. Observations:                  48   AIC:                                     -528.1
Df Residuals:                      35   BIC:                                     -503.8
Df Model:                          13                                                  
Covariance Type:            nonrobust                                                  
==============================================================================
                 coef    std err          t      P>|t|      [0.025      0.975]
------------------------------------------------------------------------------
WAC           -0.0010      0.003     -0.300      0.766      -0.008       0.006
WAM           -0.0002      0.000     -0.423      0.675      -0.001       0.001
WALA           0.0004      0.000      0.961      0.343      -0.000       0.001
Balance     7.606e-11   3.11e-11      2.446      0.020    1.29e-11    1.39e-10
Principal  -2.703e-10   2.39e-10     -1.133      0.265   -7.55e-10    2.14e-10
DGS1           0.0050      0.004      1.213      0.233      -0.003       0.013
DGS2           0.0025      0.017      0.150      0.882      -0.031       0.036
DGS3          -0.0067      0.020     -0.327      0.746      -0.048       0.035
DGS5          -0.0071      0.015     -0.460      0.648      -0.038       0.024
DGS7          -0.0042      0.021     -0.206      0.838      -0.046       0.038
DGS10          0.0184      0.014      1.340      0.189      -0.009       0.046
DGS20          0.0125      0.013      0.942      0.352      -0.014       0.039
DGS30         -0.0214      0.010     -2.070      0.046      -0.042      -0.000
==============================================================================
Omnibus:                        2.141   Durbin-Watson:                   1.821
Prob(Omnibus):                  0.343   Jarque-Bera (JB):                1.781
Skew:                           0.470   Prob(JB):                        0.410
Kurtosis:                       2.909   Cond. No.                     6.19e+10
==============================================================================

Notes:
[1] R is computed without centering (uncentered) since the model does not contain a constant.
